6095007955550209
11593800374026241
18488891105771521
23148471262314497
35116553800843265
50944464054943745
51663517329227777
70746643386892289
80599622897336321
88923485253926913
126414990605778945
135467914183344129
157247595222269953
175259841024294913
198638591847170049
216756538137608193
219530984086863873
229389338052460545
239142391512727553
260836781787873281
268931788636225537
270128713403957249
277314604418072577
279343159652188161
287511714125185025
290212203170496513
290824708656496641
297353438420402177
305827882058219521
325467476908441601
335135986212012033
337389182156734465
338819577727647745
338985392583016449
349618236474425345
350923573604384769
351134789338857473
352430939735523329
353855640843780097
360539723474698241
367067309272432641
375106079047745537
381030925651542017
383333032812740609
385654946434220033
390460022661218305
392873771552604161
399430288776364033
409421525347336193
422943926342582273
429143499452547073
432286753022083073
434392632192204801
435393548852985857
437180139759337473
438346181280464897
444752822428073985
458295692428279809
462260605665673217
463289281483964417
467634663630897153
469974676290469889
480500410657013761
485889415540604929
490283836170371073
536913369953894401
548754822281035777
550095784091353089
563980358419775489
575578264341282817
580954528924139521
603553991819821057
610784138711302145
611082321097392129
618023525060182017
623015393626128385
636721398261547009
670972452583538689
696046127273312257
719208890850148353
724422409859268609
735214807935975425
773660993847066625
778585966922530817
797177666047868929
811571410919260161
812118496977944577
828942728675688449
833433493456355329
859955857094672385
865648672566018049
865931106266087425
866724509376118785
887403737022889985
897520674292858881
902895356380905473
904222572538298369
907303901905059841
909041649494818817
921925931702059009
923896220568879105
936411152149676033
939454408011448321
940909110195552257
977548724419067905
978112398830862337
979002205289480193
996898361088245761
1009157532179922945
1016448341350219777
1020219239529447425
1025661862081200129
1028180686560919553
1041355418763198465
1048813650517327873
1055848890801487873
1060479700533051393
1061171529048981505
1082497143071277057
1083176759944282113
1085430138179584001
1088791462473695233
1090622954864345089
1090735215544303617
1112751012249370625
1112947538936987649
1127676992342491137
1134109348323164161
1139588934013550593
1141297366800498689
1161524045582925825
1161786131808944129
1175075428091428865
1177974570738614273
1182631430240698369
1211762197755396097
1242400943197913089
1250898096605528065
1252459412680507393
1262516148015366145
1263396219727282177
1269719500070256641
1286366090161127425
1301001424534372353
1308126618770669569
1308598442663936001
1318068311006904321
1321942095537405953
1326331627350884353
1327314444521242625
1343340911637168129
1356508283521073153
1357858635648729089
1358594834121850881
1358702938683604993
1362993044184563713
1365099884477808641
1375707374563491841
1389450125135773697
1389859235500916737
1413349207235166209
1415240742753107969
1422843560640675841
1423424725773189121
1425243051969150977
1434585331161432065
1473693650948980737
1475964341131837441
1477474818239561729
1497359203283894273
1509097490266849281
1510801337338331137
1516587838126391297
1517862625822572545
1544466590193876993
1571711483977302017
1597728530616909825
1607892003923558401
1609513362212487169
1617670068218920961
1623183909189419009
1634221427267895297
1638655553238564865
1683907169441677313
1700244690082758657
1703602147602366465
1705944123491418113
1717116505642106881
1743076525644087297
1744162903594795009
1749371107316498433
1752247293449404417
1765163680252985345
1768745051016331265
1779278523500134401
1796788937698148353
1802548656304128001
1823533320165588993
1830141629382950913
1834304498205491201
1851041082389561345
1856486727655194625
1885304003366125569
1892057533531586561
1893875688011923457
1894955502371799041
1904589403604221953
1912557021148610561
1914490320854384641
1916248068902256641
1920592701890199553
1926637450358947841
1940098605550501889
1958936392477802497
1963096367596568577
1988555261987749889
2018355681081524225
2028906550665248769
2040769891978084353
2046616417382793217
2054226833444732929
2063736143197831169
2078986344454160385
2090695877096570881
2096131610482245633
2098574108752805889
2105924313957957633
2111393857835008001
2123501914636156929
2131412597730213889
2136588312843255809
2142767298477359105
2143036272641146881
2145856212886519809
2152840225889648641
2178038647051976705
2188958117737693185
2191304341976580097
2192325346761736193
2194907588790583297
2195499353941442561
2198015035648311297
2201826756630020097
2206191416062541825
2227720208530243585
2247735569552900097
2251563133316464641
2254784087827349505
2255588495940222977
2266500342957604865
2267379502787330049
2269557209253838849
2278143504695394305
2297399968348274689
2307644444168585217
2329698065618141185
2330456720125460481
2349893538510929921
2352695477762523137
2359637044979761153
2383231683277783041
2383324028134195201
2383806836968030209
2386190718594351105
2398348184173936641
2398396504829788161
2402846295366893569
2421057225143418881
2447863039115624449
2453404365954744321
2456492717147553793
2462160193031634945
2466933451593842689
2468313911133208577
2474553758643355649
2477670346749378561
2484210181875531777
2485268522775281665
2491969142888038401
2503715793698881537
2506171915972804609
2522394286942978049
2528026441053765633
2548100553693233153
2556032168509997057
2556479269704204289
2556743085363920897
2563499369247375361
2569328800047005697
2576435847906787329
2581428819411402753
2583857578584473601
2590791574854041601
2595197737624928257
2596680903989100545
2598989280454180865
2620263458040741889
2624018142329339905
2628296181617688577
2651483090873188353
2655011707612299265
2663403556968988673
2675931241513943041
2703490534072516609
2742245778527846401
2744547342299725825
2745738615224729601
2747988602190168065
2759591327786237953
2776603493214060545
2782807074408595457
2796792152890736641
2801727904311967745
2818594118264815617
2819439054583463937
2819887351553163265
2822164031612846081
2826691369772679169
2844032442107592705
2857627010338390017
2881327904897826817
2904858495613730817
2911036668146974721
2911436488306589697
2912732436462436353
2913323204689657857
2918697838749319169
2925138255401844737
2929809859005022209
2934451030953558017
2943500930983165953
2960250164430176257
2975844624123265025
2978002889931325441
2978106204543451137
2983081923326214145
2983807276007391233
2985697536706150401
2991430778243055617
2999557686731112449
3000491896681037825
3001976266035101697
3004101958596722689
3010189946567458817
3025104239297069057
3029617392176529409
3032442575312650241
3039440441932316673
3051797057497956353
3052252337746968577
3056612577662697473
3063290512434659329
3067259455353454593
3083431625882238977
3121065418088808449
3122921918679941121
3125235681071824897
3128143932199763969
3130825200640720897
3131305027248291841
3132926916457988097
3133188864374145025
3152473517593755649
3152488729956679681
3155968545312735233
3159261208759926785
3166024793910116353
3190537593817530369
3213585926543867905
3219442741624668161
3225615979692949505
3258145924532502529
3266118821881970689
3275132253269557249
3280950126241218561
3294628755966361601
3298395396848058369
3303400203476566017
3303403013314478081
3306723894264365057
3314507567553576961
3328653380387897345
3333201835062362113
3337102406507429889
3337263646899896321
3337523938659532801
3364568989421043713
3367488220917039105
3368065388629164033
3371951602723684353
3372636002308685825
3384589136891871233
3385060212893089793
3392336161299333121
3410515387511963649
3433327957813919745
3448539934588895233
3449427710399643649
3450122767249637377
3450275498924933121
3484495507201163265
3485104145224630273
3498227981545603073
3504836188468346881
3512140905854107649
3513141358813151233
3514884138402971649
3519300522104094721
3520214351358722049
3522973015296114689
3527339920506159105
3530297652092600321
3563381142909681665
3572791785664020481
3596953920230948865
3607620870032654337
3612210825288482817
3616465594314915841
3618555850918428673
3627071958088810497
3630682205247569921
3634671677646897153
3640715386436157441
3646548023208378369
3659191941150605313
3659304604026929153
3674767358414258177
3683228690862440449
3689710670980644865
3713347286614835201
3719469600350699521
3724189868268093441
3725234128481452033
3731129370393739265
3731171376843620353
3733104117271920641
3734561077560934401
3735337809890639873
3736238037627797505
3763030645385560065
3766228324421828609
3772632585073491969
3785730476866404353
3786635487404818433
3801390697468985345
3807961329622286337
3810005765040439297
3813344003264872449
3818088712081375233
3822838168083628033
3829084092760195073
3832907334239780865
3838954388657373185
3846986041293012993
3853696726490316801
3856139747830464513
3879524639947882497
3889274004128497665
3933703804436774913
3942748466884968449
3944666737324195841
3946069515493048321
3948476548246306817
3954006879925633025
3962864635806777345
3964117034825154561
3966888313134612481
3994495403981045761
3997180379336704001
4008969190378340353
4015637712979558401
4019663004807266305
4023487332512661505
4025916886260711425
4038192871861190657
4039194303041994753
4049342050573844481
4052280225823850497
4053256446190911489
4065999384946245633
4077427848579874817
4093571795219775489
4099315059358334977
4125826222789165057
4130284488630337537
4143271337078849537
4143721676077826049
4197266583621664769
4201519075437871105
4205738519331864577
4208521572040605697
4214618630332776449
4236828995119841281
4250948522155966465
4252238634242015233
4289298312110112769
4296872899950870529
4302516012718653441
4311498139678375937
4313388884789198849
4320759974192906241
4323174495756550145
4325376080480993281
4330579571020726273
4363245269756379137
4373690258542985217
4400402618994950145
4419984938555015169
4441395752210497537
4444855106690940929
4448169254176587777
4469431835824128001
4473578077946445825
4484680187361132545
4487392557381713921
4491762369408237569
4499778402035007489
4503149333699985409
4509749361914871809
4528217591202643969
4538550914121465857
4546341420716752897
4549664409937543169
4550307653851414529
4577858958032371713
4591926923069390849
4595489445618450433
4601730603823202305
4636518742299508737
4636996315898249217
4637629646969044993
4646079305248931841
4654484552549236737
4656534194629509121
4659640128806027265
4677781388919930881
4679772039802060801
4697239694270332929
4708032772309614593
4722894790168608769
4727374064622010369
4730611604158283777
4736521201066573825
4740092011499388929
4749707173424791553
4750843907546480641
4772142019697410049
4772256191480332289
4773013260690751489
4779410048546045953
4807473898392059905
4825899682922496001
4850959041901264897
4866351672309514241
4867256149664169985
4872559419152367617
4883736277306736641
4883917486871805953
4896416494854340609
4916589238445113345
4924645749070888961
4999939422206984193
5007401312212189185
5012546296433803265
5015551116736233473
5025962147818307585
5032317393360846849
5038495086826717185
5041813931978883073
5069479763215024129
5070204214265839617
5076576625309057025
5120636325351981057
5131874634597466113
5149187286359703553
5154188846007451649
5167102822644940801
5184920894787158017
5201120966347554817
5229669916640870401
5235051793756225537
5235201227444781057
5236126804900577281
5248954172225683457
5275077127726989313
5277715565189922817
5293441353496428545
5304393446180323329
5317538180525850625
5347108450422194177
5367973046764306433
5398710273434255361
5458524130857517057
5484580316733014017
5498676710001573889
5504477770897817601
5509554295430971393
5542413976361009153
5578708605088169985
5591009399288135681
5606540520889647105
5616394716214525953
5627696033792819201
5632811450768064513
5640988361256239105
5645035071830851585
5665624657886412801
5671631399558512641
5676124746780704769
5683291048951545857
5685267894137978881
5722237284853907457
5726123640389599233
5729448002077655041
5748586868949975041
5762813460107231233
5771731499437096961
5778195664979001345
5785027801004146689
5795723322440056833
5798177735005372417
5815241547541348353
5816183593937207297
5822234312054145025
5827548000219136001
5831442970185170945
5859558261249474561
5861495564162793473
5864461685517025281
5867487192407998465
5885967107811311617
5898944857155371009
5940265551763636225
5944686258793349121
6001615193929318401
6005477509222203393
6009333807534407681
6013952151689461761
6030594557615276033
6041257126091325441
6041307726786822145
6057994378891526145
6067690800010821633
6085513717967814657
6102972696447549441
6107699469244497921
6112545825119404033
6125250900508475393
6131809263053373441
6147823237630787585
6149242450989645825
6152084970879483905
6155843643524186113
6169155861483978753
6175262425646596097
6182650649556090881
6192703042708570113
6197964516329259009
6220449501296295937
6235389124586242049
6249228239792406529
6253403871650447361
6253713101971980289
6262525725240918017
6263182399249448961
6269212232204255233
6309165488463577089
6321473338052083713
6326753996686196737
6343805830510706689
6348045224676065281
6352082484421656577
6364182430371250177
6364563652274814977
6364565159977811969
6366206094094729217
6371222344855781377
6373849425301012481
6374745861038669825
6385194747399962625
6389261962790862849
6398701137814978561
6406395340617908225
6408270981527764993
6409801304588255233
6434419523006758913
6439942989886128129
6446771756970213377
6447961401821233153
6453078978433908737
6453291581179527169
6453948870529122305
6461741514449944577
6465667773262430209
6470513519242248193
6480141537865465857
6481818843995144193
6482161918952341505
6496670334653923329
6506536094989549569
6510225490321604609
6511000324630937601
6515859370215964673
6533556572861071361
6542533416890269697
6545546296284119041
6558453796773560321
6560264554286809089
6581868574756339713
6589837946770227201
6592987087959916545
6598953995504680961
6600789494702669825
6602077223104577537
6602751484627550209
6618395548222193665
6622696913054236673
6645984070142427137
6651385854099030017
6655014337466171393
6661376235226202113
6665217344295174145
6665342259375341569
6708804128203538433
6711535988341571585
6714095146430201857
6716052126148886529
6725599552920289281
6731611794115723265
6732109094944374785
6732173286308970497
6734246202308558849
6751068468725448705
6755174366720786433
6769502810557087745
6781948871074512897
6806394701465321473
6807308227049160705
6811603263193612289
6835589279908659201
6847825163877449729
6853967513389170689
6855038975636701185
6856970239689064449
6878125378595946497
6882439576071077889
6901150078569512961
6921317455774810113
6924121887547162625
6926594091032707073
6929975305456058369
6934620958480728065
6935821072541777921
6946898506404757505
6953929907206324225
6962858933378711553
6973367243147378689
6985258935051583489
7008668899268198401
7026181984024854529
7027404355960897537
7032686854463979521
7039341393010655233
7045722861077463041
7046085119496716289
7055696654114390017
7061344027141210113
7065199660137283585
7071404772811964417
7103127786357293057
7107637812363296769
7116318248380399617
7116751471474704385
7127425690882637825
7138063436130844673
7139265961550184449
7145057901506232321
7153622659541073921
7176453961506029569
7178390061682262017
7190980738531950593
7199835613935730689
7205996996523032577
7218345702488571905
7222129196338970625
7227047953679450113
7230640776582594561
7239445292622512129
7253466092191219713
7264137937723949057
7276549715027329025
7288781973544665089
7292805038547140609
7304860754446417921
7322966599837646849
7323586812364292097
7325476495538978817
7338600794072317953
7340818016201932801
7350334946382774273
7352422038103326721
7354475242153934849
7382988799563792385
7405974273638170625
7417231462856097793
7424996912177119233
7436489640254537729
7440725764468375553
7440865775851241473
7443479992588730369
7451057808567894017
7462482611780452353
7469455458954903553
7480797270696034305
7490663877061836801
7507602739226279937
7508662236757622785
7509519008135479297
7515056182725312513
7538412516591960065
7545296133429133313
7549890512666984449
7563108408276582401
7567819262903910401
7569329858461138945
7588336735091392513
7592265597176741889
7593783917201588225
7612773159090520065
7620391684341792769
7621939181079363585
7640237560163074049
7644735604464812033
7650980820571291649
7654725602524659713
7654858374738378753
7669775225691111425
7703860736470482945
7704533429527707649
7708003919689646081
7709737042617499649
7717130209497776129
7719250037194293249
7725627845896339457
7736552475093303297
7752649001853419521
7755525904346644481
7770103841974779905
7770760949285158913
7778186968536907777
7783636159538593793
7793624625820827649
7802542325365243905
7803557004539461633
7814852637772906497
7817717306587643905
7842052402173050881
7858216590248640513
7872010660216078337
7887706843643576321
7893438181611438081
7897393038816018433
7912413333154136065
7917942427417706497
7920653754157957121
7930755336676802561
7932148757897805825
7939341378323578881
7943628963106979841
7951752654648442881
7981560968816230401
7991817264829857793
7999824645636751361
8014091546186973185
8015324460215140353
8016191404250595329
8019063345550753793
8029012356956520449
8044595431602388993
8047392075321180161
8058044367250063361
8058160052418052097
8067197330428854273
8070811158184394753
8082793641583378433
8122479068848226305
8143634736437362689
8158386830137065473
8181574993373986817
8191629526770712577
8208440604471984129
8210348166211731457
8212432179484164097
8213558362192576513
8238824308047740929
8239223820103548929
8259364949475459073
8273496857643909121
8274847817318334465
8283495148170674177
8298585278632067073
8306835455792939009
8315032964237393921
8315339342244380673
8318475366792364033
8320676599972921345
8323319271728381953
8339565626885799937
8342728602744291329
8352269000819048449
8353473810090000385
8382827771536048129
8389703126918561793
8407004513888894977
8409937701537808385
8414094844183117825
8416588834442641409
8424212480092995585
8429893044996997121
8436888269259079681
8439134007765041153
8441963130940784641
8448034165579284481
8453259446110191617
8457932816607608833
8475366659409182721
8476288982559391745
8503583147932844033
8513068423036469249
8518522230632218625
8532879324734455809
8534483851075485697
8535363237484429313
8547629533384507393
8575263785761538049
8594914871941169153
8601281458540904449
8615536096113786881
8617416530614550529
8623494460337848321
8654544478536597505
8655714274281029633
8665971227622342657
8667237858121056257
8682177147789869057
8711195939925131265
8743981194987831297
8747012526674673665
8748331179497062401
8767880615508148225
8769920409654722561
8784764838949748737
8799072315086274561
8812183150810660865
8834771833662668801
8858638482171953153
8859610390738731009
8859954481526177793
8860488223504334849
8868029141631205377
8875310466376663041
8885703959387045889
8899330727038582785
8905031213582123009
8925471448147722241
8944439910114230273
8953929491416481793
8966527823299248129
8968604415166578689
8989379538164056065
8991787336380874753
8993510546274385921
9002569118117199873
9007349484047302657
9015272058387103745
9016086590490574849
9028420800834273281
9029987036530147329
9049779772121808897
9051370825988964353
9057390820765433857
9064575574274211841
9090593442525741057
9113868240067624961
9115436502667198465
9121705285443813377
9127987033644859393
9128408582764003329
9128457508726767617
9133389456072114177
9144309553426202625
9147781260296814593
9158800327583039489
9163985602384166913
9176976572496838657
9187171953786159105
9202596646237569025
9206614890688577537
9219358214598983681
9220660011251924993
