733105563566081
5709263493857281
10236413699751937
17850020546674689
28624326224871425
42302850779611137
45244364275482625
46112452058644481
58963810428321793
72180130642427905
92285245720035329
97428240358801409
117319393030078465
132496922174029825
138725031138000897
145690344667250689
164947931431010305
166743578741702657
171561233565319169
172474296146853889
185420529609375745
185718721732673537
193974384826580993
202508768808632321
203608696596955137
207141710722400257
209087618131066881
229433764277190657
255822117064474625
255944191189057537
262997253613977601
270377601842315265
274483547880783873
299554557659643905
301904599861035009
307195058635505665
308813531159527425
318401130067886081
323835716732157953
331802615335452673
337130899113607169
346914358856777729
361036782331068417
374512429299466241
377420242984075265
389135962699005953
393983499641225217
401693469310124033
402884114231590913
405834049005191169
412399388277768193
418779028404305921
442074453867200513
455226106158579713
456775099205713921
460741733050613761
471525796727422977
474968491923668993
479827634866749441
482518939943010305
498183176293679105
503533217158955009
513546091341217793
518478068670464001
525955187877150721
539750712130502657
545678748577857537
551695571038928897
553711574588522497
554572992956170241
577946124125700097
585226066130894849
585471418500644865
589753157351473153
599691937726824449
610706693368741889
623681557022408705
642160817693130753
642866366729256961
646188839353516033
658077147013677057
660410151970209793
660505337555714049
669682162113052673
670495136301252609
672542664870526977
673119319618813953
692293692211724289
694921666889547777
697153786399916033
704040206437646337
711660497655169025
717689818026606593
720694569351774209
728965623677222913
747626711307288577
748108413677797377
752083616434225153
756873453130809345
764087313463377921
765033468888514561
768539813003329537
771615181395984385
780627925207580673
797789675254415361
797866974113431553
804867453395107841
807466729903915009
840182565110153217
848651073470267393
854737607711260673
861492226528804865
868397664134955009
870948966911148033
877460275062341633
882865642882400257
896857027082354689
898577268135854081
898869323954978817
918030734333509633
922710535277477889
928181762560524289
937011021843988481
939297662266736641
941712341019066369
951186615236460545
963207429551325185
963250600994013185
972695817920348161
975248072590000129
982958165268463617
996294611273383937
1006933492814020609
1042306491921629185
1046735205180735489
1056213003887640577
1061382521002196993
1065944347508080641
1077323902421401601
1086790538266279937
1093761698717466625
1104920248880234497
1120908217404358657
1121037013633269761
1134279188439826433
1155509172617641985
1162457633311719425
1168460525377159169
1176424136838742017
1178466075904606209
1187181620386463745
1188950115349364737
1232127340361252865
1247365764479025153
1262027026516606977
1262470178889203713
1268677569387659265
1276834203117813761
1277664367814017025
1283999697626890241
1286447384862294017
1292174917873991681
1292363538084593665
1332637141278425089
1338625071438266369
1346250066835046401
1346839258884276225
1347231707589115905
1349695372847775745
1391103990255681537
1393447264516800513
1402750470075940865
1404713212543008769
1404905286784286721
1416188775421476865
1416653483672272897
1418497224281391105
1430559607430578177
1442654950087524353
1450359808950370305
1472017628537159681
1483896437241774081
1490816505155158017
1504192935892680705
1512996120295079937
1521691463945814017
1541310779458387969
1547733931188977665
1559471590251069441
1596270252464832513
1596752010504962049
1615417013835169793
1629322738503352321
1634514497724416001
1648516323545907201
1649614078474682369
1658746250608082945
1663627505539547137
1667289025746075649
1678008970818453505
1686083952248684545
1703021480510423041
1715459402252713985
1730130510542962689
1734504507341733889
1759133694612996097
1768094493337747457
1783012750082211841
1799496623512289281
1813798912423624705
1838771069941612545
1847057699566977025
1849944359253114881
1873842488378851329
1873956476740698113
1899007960268996609
1908125083326119937
1909988186111082497
1910655119302426625
1936635757183139841
1950792170646732801
1962240296870215681
1975015376226451457
1980863539572703233
1994105242554826753
1996323560235663361
1997174018779250689
2006252711180238849
2008507023698722817
2010370067388628993
2070283678064050177
2074437973684256769
2074564760454103041
2074686902081683457
2076766377146253313
2081608258609250305
2098579097204850689
2105533319115571201
2114191069366190081
2117956512020037633
2133382292571521025
2135760413365927937
2137077022673076225
2151858222421311489
2174912377661816833
2180745974215081985
2185787129219284993
2186908013441679361
2187260391857324033
2194277761450573825
2205808073418276865
2209307896494555137
2217266050930180097
2229187962403225601
2234086814372036609
2248348487278264321
2269653358005682177
2270623538622857217
2276269610165207041
2280075407262416897
2283832668770336769
2288195712641302529
2298986304265093121
2303008365876936705
2308844029071032321
2325906766905835521
2332675838722932737
2337991121173807105
2350824464688349185
2360366986052501505
2369337124612997121
2379483149351583745
2400569960737275905
2415419483023900673
2416853695230836737
2417196506232193025
2422960799352029185
2444405477534302209
2447355768535220225
2479709396491173889
2498716679405436929
2501908367690465281
2512630802906742785
2527248129572143105
2542366986196811777
2542630559018352641
2546035997485170689
2547724389882855425
2555181317480120321
2565297857531084801
2566872140609617921
2567050809601687553
2588149720428969985
2600911329056161793
2604991397270355969
2614151684002545665
2633600564767129601
2648771665854365697
2650639350416736257
2653065552113795073
2666643452044967937
2684458103888445441
2686379879304691713
2686855665599414273
2706208794618265601
2712170263950983169
2712194113644101633
2712829999929884673
2736182221255507969
2738732480098304001
2740294957346160641
2748131173147607041
2752639873192427521
2756829096653946881
2764643123038945281
2768573539886530561
2771493423151185921
2775694882008629249
2806848813757628417
2812683280579919873
2821049326685519873
2825881935015477249
2829392067017015297
2833518684841574401
2847415393122680833
2848084011194712065
2855906844844752897
2877887362044821505
2879142302249811969
2888862183582171137
2889513954473115649
2894245428737474561
2898413363393036289
2899352333453033473
2900949928500363265
2906126425746866177
2907341530461667329
2911018088135458817
2916474420779778049
2928413764278321153
2929313142452584449
2937295578993655809
2940192934619414529
2953747096876613633
2957990084587585537
2979776808243527681
3000931376821796865
3008502627706929153
3022642465814937601
3022809970643402753
3031683459599728641
3035384720103964673
3038469070819459073
3052521167979282433
3079280616364605441
3087285829120131073
3087659240343732225
3095957382625755137
3109219224040243201
3111647816937177089
3127109015677403137
3134477107775045633
3137814896339255297
3141639791418703873
3144321549127090177
3150724885085913089
3154638620424699905
3159479167987974145
3160473576097415169
3185490311459176449
3197887655147208705
3211964036856414209
3213806393270370305
3228555902919180289
3229712591194193921
3232222249391423489
3239008010803740673
3259668482687598593
3268076519971586049
3284265584726605825
3290166102910173185
3297492705984348161
3308030567162183681
3337247904976076801
3344466459596455937
3355848211284131841
3365451818936401921
3376337470207262721
3393430550038839297
3396449194956685313
3403026199262101505
3443122850465382401
3445310362357760001
3450693970924371969
3455926331357134849
3463622428833054721
3484795614068834305
3514815828147372033
3517046297768001537
3540821460736737281
3549099918351630337
3559754714720796673
3579469334465216513
3586603029293301761
3600295054133755905
3604234882609741825
3611307529524641793
3621949413826068481
3640782441529638913
3644514082549497857
3660485675188256769
3667070892162678785
3670509077276884993
3672307283361529857
3676448884165640193
3678866462596923393
3694902154480812033
3701701163434213377
3703686651968651265
3703721351483129857
3707356117637464065
3711003209944924161
3730726928381345793
3732557087542378497
3734515947051941889
3735420294088556545
3740390972543041537
3751801786616741889
3767604864816742401
3774144708817944577
3776136138679615489
3785766321325539329
3790092468602830849
3792174452932935681
3792494064752164865
3795896934672302081
3801931868645720065
3803982614871212033
3816415170246443009
3823118577910841345
3825796512324550657
3848114157622034433
3876949469044342785
3877938351939616769
3885030154369236993
3890240378086850561
3903386906588545025
3918302577252925441
3919952117535801345
3933418761540960257
3959861397710471169
3991240870188974081
3996302744540250113
4005427088126017537
4010891048194015233
4012816965602508801
4024824882493751297
4028300760806096897
4038106735481487361
4039724918975594497
4041851012641325057
4051190266692698113
4053220632351768577
4068752335861547009
4076263915102437377
4078845462470426625
4082657015551688705
4085333517939113985
4090226798164475905
4091848140908986369
4093263000665718785
4100700456286683137
4101481764849057793
4144832341074149377
4164980298030415873
4167805630995857409
4169910611097976833
4184987118361804801
4186184757312094209
4199349383286554625
4200483548176613377
4204213655702601729
4207361434765131777
4222096834326331393
4226111201026048001
4227985752917770241
4231779124598669313
4236684939465392129
4238382088168013825
4247209956296851457
4251108597133541377
4251710618142867457
4263057646736310273
4265065148741320705
4316843436648660993
4324233439849644033
4324310755844030465
4324792146753716225
4349531607197679617
4388094546446680065
4389456648600420353
4395995137331232769
4414596737145208833
4444585424428793857
4444752167264321537
4447999580221112321
4454425534815010817
4463753082600292353
4469662554290094081
4484130971927937025
4508446010993213441
4552241987815538689
4553462936791318529
4554595331393421313
4577946979695099905
4602366616062001153
4604650886089375745
4635812977513660417
4640665482219716609
4648947130872528897
4652847323241611265
4663177583226847233
4663516632897388545
4665142325594226689
4673656728594350081
4679782028380897281
4682170596603559937
4690727667788087297
4695207263684853761
4697573607460274177
4710042196209827841
4731858716667740161
4737622269117857793
4757675783761297409
4767042347947032577
4771585763764436993
4778262459415953409
4794803647940689921
4799306485355184129
4820746569085517825
4821416520145829889
4826117603927064577
4831325262944796673
4836360066283143169
4852853578106077185
4860403456832864257
4863902667546427393
4864030639389769729
4871681882669842433
4878741136300376065
4880863764188987393
4882838854903988225
4886662552510627841
4893699000089870337
4898474204081946625
4916528887973806081
4930400741781471233
4932815706811039745
4938718125636648961
4957865346478178305
4964488919896817665
4972603431551008769
4975979244971982849
4976776639726747649
4978814401489993729
4983289617874681857
4988517625664438273
4995567040125304833
5013635072055607297
5018515957580824577
5020626810283917313
5026109016521048065
5028012651257298945
5028405917451419649
5078428510558257153
5098418424365187073
5099159844117479425
5102591431144636417
5113686862869954561
5114896456321171457
5116584718232944641
5124503914327769089
5127964212539129857
5143921524549255169
5165254351927607297
5176811489596112897
5207227403593383937
5208554576118480897
5219595236294393857
5239210078396317697
5240623706183499777
5242951358981013505
5272801725750804481
5277213754999341057
5281258342982877185
5308213574605864961
5345387328345407489
5345706427004878849
5351658932278755329
5353663630560919553
5365372478595760129
5369886822478446593
5375630368031768577
5392035108983832577
5425010321476485121
5438531240997715969
5461191413022392321
5464480814436581377
5473034797984645121
5493876712179990529
5510567799241834497
5514765366720036865
5522681402932527105
5522717081144983553
5537728980791296001
5548403983571845121
5565654141646143489
5568463508249313281
5571313100868157441
5593803265415872513
5603062243815129089
5611065095353106433
5618944183350362113
5621530020682301441
5622087414998138881
5630458450674122753
5644250781277323265
5663019033374720001
5673152207153397761
5693496652988710913
5710819123230605313
5720877924687577089
5743285722073989121
5744402119863074817
5745724223782649857
5746760111160360961
5753968779258789889
5773018837076606977
5777433852664807425
5787889416519614465
5791989234507382785
5798643749783207937
5799799465074982913
5813082534701793281
5850084634159808513
5858141896532262913
5872404252037971969
5880947250915508225
5895950592091127809
5897122435912499201
5906904983240540161
5923950390598336513
5924383205546917889
5953886165335179265
5965556384431243265
5973746777553469441
5974226417536860161
5994302367445745665
5994678657858830337
6003439698571460609
6008982590505877505
6024527202427797505
6029110155152195585
6030690093632421889
6054676506564788225
6067348382393532417
6079789102356004865
6094116604155068417
6101655961534365697
6105715963108327425
6118075107752902657
6118511427091496961
6120576730370080769
6120786319442935809
6123646687381159937
6146961993963732993
6156222817065336833
6168930463859507201
6172956818527748097
6173232161578975233
6174123788888604673
6189981153603584001
6200120102494765057
6246792782136606721
6256020642736832513
6260574585822511105
6268181518893088769
6268778054945603585
6277601802334240769
6278824661842493441
6279125328858382337
6300850713970835457
6331672940165103617
6351583726483865601
6356123224232427521
6382003583206981633
6387082361311166465
6392431319523590145
6415290042944651265
6431021911280549889
6444625165745618945
6453642138312605697
6460104423414726657
6464894514478841857
6465830382559363073
6474350822704971777
6478450641041424385
6484587524872863745
6484591435860148225
6486951371756142593
6489411269041881089
6503596645898354689
6513849876189249537
6519758056052523009
6529623775190745089
6557680861127147521
6557946219037065217
6563690585209339905
6565333617240375297
6568483295342264321
6599004101059870721
6599385183107842049
6606884769435811841
6655411577448759297
6657233088697499649
6684440551005814785
6705826630563528705
6707202016365674497
6709625714911510529
6720811020654673921
6722599348848656385
6726271402481385473
6753483417678807041
6769901852821880833
6772442723431383041
6776484291365404673
6782881092148625409
6814543240395063297
6825862982268616705
6836629101641302017
6845536055729094657
6862924087300849665
6864585262600028161
6874240256826474497
6881256028940664833
6882861163557060609
6883835289492029441
6893042091360190465
6898678302281465857
6902385824139837441
6906357735900315649
6915251549696196609
6916424590461796353
6922243686704054273
6927526792341520385
6928671997446684673
6934998429611917313
6953740676804411393
6965183300057825281
6965830965939929089
6978323129279545345
6983464580463558657
6995401392305799169
6997944126183768065
7009758477805977601
7013722100960559105
7015923569669505025
7016598663762378753
7040550605484163073
7055955284034125825
7060493425548951553
7061431097952600065
7066712327685767169
7072256923939078145
7074877241301991425
7096036099136159745
7097805537191591937
7098758435446980609
7104314863117762561
7104397542642679809
7104553065510469633
7113318220215189505
7120778012080930817
7133356525880475649
7139318752565067777
7147500731468677121
7161992814386085889
7193154567265550337
7193563405095206913
7194770539113873409
7201142315206475777
7218318462313463809
7241533454410842113
7244528555452104705
7259282163382517761
7263875829283160065
7265335790568013825
7270916984438652929
7278792009440690177
7301328945769545729
7310735512218828801
7313137136173252609
7318632401378869249
7324759091419381761
7335550818974957569
7348608552628781057
7355567587928801281
7361701649492279297
7362851859276627969
7375299374464761857
7390654066071175169
7394390778597081089
7398826930231607297
7400383304073314305
7430424766261690369
7441476841886679041
7445420022243557377
7453879029415936001
7459960154605289473
7461403488313638913
7463977442324905985
7491875877261639681
7494586743675355137
7504901324187500545
7510422463432065025
7517720160219856897
7539492974642790401
7550406964646510593
7554102309109792769
7564073941117698049
7567350425959071745
7568088643385622529
7575055009912848385
7577390037754642433
7581250498568814593
7595397374815600641
7596760609108951041
7597939255662215169
7600116565823881217
7600122839071752193
7609813632336691201
7609957993267363841
7615341092247994369
7624597378107473921
7635707510590210049
7644004511221055489
7659275146229678081
7693942064997007361
7696960306816516097
7712124317363666945
7741126086758989825
7744470546531581953
7745787721118515201
7765220141245235201
7782990407381942273
7784072824688214017
7830389600254099457
7830925376258801665
7839891017256271873
7860308067619307521
7862712135470645249
7887023448982552577
7890875109279432705
7904488994750365697
7917732866955018241
7936446665942007809
7944251180907626497
7947073799987822593
7954911748990271489
7955289579182358529
7956379749238177793
7959866369793687553
7968676919378968577
7974571085016694785
7976697396683767809
7985958275614212097
8006884290085093377
8018626084038934529
8025527377018126337
8028395600677928961
8031729837967998977
8039831991709499393
8039955002419347457
8080307695466643457
8087288685223608321
8130452239943794689
8137414688910147585
8140446114671460353
8146362951537655809
8156039446536650753
8192568774205898753
8194139689800826881
8200276639936413697
8206743715492626433
8207762612968554497
8211900535825367041
8213940987444330497
8235680883103924225
8243510264759123969
8257621888565215233
8291145517458653185
8329372681012248577
8334786844275179521
8334962975712051201
8339031563909529601
8340845916733472769
8345442605891813377
8347905643641929729
8350309693050781697
8353498145901608961
8355589325303709697
8358621743528837121
8368095790598553601
8387370582699343873
8410102477590003713
8411833061471256577
8420704346413662209
8458577414207602689
8481349717613903873
8482819866970259457
8489347602422366209
8520589875530924033
8534426744594825217
8543481918616109057
8545367298191851521
8550482388451065857
8555936188003221505
8562625337328893953
8563077242776420353
8571417731764682753
8578953334942334977
8582106308439146497
8583722857760882689
8647583646067130369
8658362506572398593
8680321461890449409
8681227187432194049
8697491827016630273
8703830678494937089
8712408418420817921
8713511878541672449
8715536122554908673
8727897116925788161
8737968296294875137
8743681542212386817
8745531487284658177
8775694036224999425
8777297724368125953
8779170772381335553
8791793328522067969
8819029299577061377
8839097284036526081
8842432332760514561
8852422542074150913
8875408122788642817
8879010220769837057
8885706497374420993
8904707898618150913
8908082545018601473
8914788847341535233
8943652018304516097
8946972566039363585
8965092779896897537
8976220650628612097
8981488257798209537
8983550469445517313
9015516335698542593
9018983070080237569
9027802612197457921
9035180851128696833
9040641731133997057
9048638501342740481
9053352307579715585
9064286938064814081
9064972095780061185
9067946489806225409
9069719577006014465
9074746401776533505
9081059692424593409
9087365803218960385
9089605196738232321
9098079534657470465
9106416771497951233
9107653252824858625
9107810019713744897
9111362655083724801
9111691729788010497
9114286149257101313
9122006788728881153
9128928421307514881
9129986251155046401
9133929909512142849
9154987973131829249
9165972578660352001
9202584274116509697
9211437673568272385
9211519767832395777
9211800963155230721
9221611571425771521
9222329303773282305
