9677409985232897
9721660514566145
15847399830814721
17842235948269569
21949452945522689
38392026785775617
44807559785545729
57141667637919745
68124081840128001
77515898909065217
90556253368942593
90861350647889921
103359072657801217
115398210627108865
120714949360943105
128803143408287745
131873311035752449
133221321841278977
158850101360230401
163323521280704513
189660840285437953
199798371887808513
206087410830508033
207321738816978945
223007855875948545
227752066980872193
245211440423796737
265036745936928769
273659844817125377
280572067767746561
288761390656585729
297398684512354305
304228941919813633
316326795432951809
323815389711958017
361899677490741249
373928249801441281
379710785238990849
394018149264064513
394390022256427009
402584178721030145
402929168049799169
409710269234216961
418480578854289409
421717816505237505
423577388531613697
427134745706299393
435431683887562753
435836957918167041
440597953962803201
446349163984814081
450655665813454849
465564741152899073
477830939105984513
481568468124336129
489820517256396801
495350465265991681
505864088551555073
511784518179028993
516022725225840641
525918631128694785
534111300917428225
542901419633246209
547787360585875457
551281585855856641
558318612122238977
562451490908340225
563743179939119105
566508177416945665
571696695672635393
582880393391210497
584983879583006721
601930386277826561
606527882429366273
608526667686445057
613015986584616961
618911691507924993
637767834659127297
669772489018540033
672582896869769217
693505341468344321
734033945175064577
734054158140997633
741820140417908737
757144719173451777
789812998429016065
796777569612005377
802834690585395201
821920173285900289
885009123211706369
886079400334163969
901848643351543809
910650583318396929
924711897756860417
929953083799502849
930607169760722945
941354947549003777
945763599356035073
946803107633070081
975581845693104129
983787296962183169
983824200532328449
997510075214626817
1000167375707668481
1000643341031178241
1003889121753202689
1019900901737431041
1031758582557736961
1036353486597914625
1046392359173128193
1049083382334783489
1068271532739100673
1100353075146948609
1103747881537175553
1104105469939384321
1104469262732066817
1111861622735536129
1113063515167457281
1117380296755871745
1124391710495014913
1127265983068831745
1146672784164159489
1165980182842245121
1165991663831613441
1172453434418921473
1180215010158182401
1184250805001093121
1188569016288804865
1223846918515687425
1228309486825340929
1228533861760532481
1246104370680135681
1252872212812201985
1257553476677173249
1261125378712043521
1286926599423655937
1296617808646832129
1315328971328651265
1315723777673887745
1329855179799625729
1345963827856211969
1352056546826911745
1371255136817643521
1373066464851230721
1407141033713303553
1424231217552162817
1435926193730060289
1437381768816427009
1448629086994202625
1451117808174465025
1459061753747308545
1466006087098302465
1475644203357962241
1485795618597634049
1488040735624167425
1490464842065543169
1514584996187144193
1527588676830953473
1551481969240440833
1551712648478621697
1558144433644371969
1559553717957459969
1560060120336629761
1569337173408776193
1573558560393199617
1578214210681536513
1586184940989349889
1586452797943250945
1590110845680484353
1590330033355063297
1593436586197909505
1601621423711092737
1638472768185040897
1647184545256374273
1665315816154038273
1678651019207770113
1708354540569395201
1718918965803745281
1725259574188343297
1731599433388261377
1734031004739108865
1744507781442207745
1746177207450271745
1749775592113831937
1750642611496976385
1752584228719394817
1765092071974174721
1781832773367693313
1783961278033887233
1796659125657534465
1798516418288091137
1801466640714727425
1814595892686192641
1826240582013485057
1826644009320611841
1828014780015738881
1834867604621524993
1842129985922105345
1849752782756839425
1857692026810925057
1867286469253660673
1876809670907723777
1891018901290057729
1909350631384645633
1910741080610013185
1930056092147875841
1937503605843525633
1975801004435832833
1988031444726972417
2000214735361900545
2009705845643444225
2016536541889789953
2022488213888073729
2026289075446513665
2031747836300951553
2049673903762800641
2058272643323035649
2060405244478128129
2082064441675612161
2084211427584081921
2086756984005328897
2105330336430751745
2125774605694205953
2128339918031814657
2131344822607249409
2132340843568168961
2133984123368013825
2145942870639607809
2149821679872671745
2155049964913524737
2157612084283932673
2179007821037568001
2188775499778129921
2221005827522396161
2225154356434993153
2228735141493407745
2250519004572811265
2254069905740726273
2255817117181607937
2258081441937162241
2273214850320171009
2280362776492933121
2282449431537909761
2285317549036699649
2292121051978366977
2322945088290979841
2323961725865033729
2333332748813238273
2333461365301018625
2344357127904133121
2347097986231074817
2355491105297465345
2371633906005213185
2377598122639622145
2382251472691200001
2385307743356420097
2386214141156491265
2387313211012677633
2406781218537635841
2409136336929488897
2437942182822903809
2441182031799058433
2441593259761565697
2442136902935904257
2447184288897499137
2448174979188785153
2451067988341391361
2458620604365340673
2475724680273723393
2507296011334221825
2543005285549539329
2562904538203717633
2583987768993480705
2586561578397401089
2589523607594598401
2595118024713502721
2599968918296952833
2622654565782650881
2624298363271872513
2625063308680658945
2626962035822034945
2638235412378746881
2639022830050836481
2644524028261367809
2659475463036370945
2671512182489677825
2677189992361885697
2696412944085385217
2698113535069683713
2705976084489240577
2705977700934189057
2713368200241315841
2733884012084854785
2734342205915594753
2743990888998338561
2749477124104224769
2754795902575738881
2756066211770564609
2758442776966201345
2760253248374079489
2777771482255851521
2780928658686541825
2783330234951860225
2788077532146204673
2806592355587063809
2808192861773299713
2818992195902898177
2821583104109117441
2821918496341655553
2829024048756162561
2837555256341921793
2846417084227584001
2853427733062451201
2854855679571197953
2856226738539200513
2861522293874655233
2867171832499339265
2870188453645156353
2880595574411362305
2895449711437348865
2904259602402934785
2913064240782540801
2920085772080840705
2920282372818599937
2922999667337723905
2926150422071050241
2934761994296393729
2954163520840040449
2959685289772023809
2962290150868025345
2973429547832082433
2981804492532875265
2984566778512474113
2995493449286287361
2995892636511895553
3011727299118891009
3017609890992750593
3020372971350032385
3026492045497073665
3028129781837627393
3030770994249465857
3051888689645682689
3066973982663671809
3085912962474115073
3086784658641715201
3088172147956088833
3117731442858786817
3129424331583324161
3130773247272353793
3145332350496669697
3149666000740122625
3154378868910325761
3158250476086263809
3171514051778281473
3173516784069541889
3185452014009909249
3200020962328674305
3230542743966121985
3237702832319889409
3243335691151507457
3251514364078850049
3268740931271491585
3274018677468528641
3284748560156753921
3288658370680422401
3292304503210147841
3292656608025640961
3297619789220052993
3312121022610472961
3315202162859835393
3335594836956971009
3380141308351479809
3383470731082563585
3400759792728604673
3413834129451515905
3417426997396963329
3420944694503243777
3430952417503313921
3440908402295177217
3452610556923281409
3476094626393915393
3490021656009998337
3503054680413044737
3514974319915958273
3516132771689857025
3518522984139063297
3520173364541882369
3520653500831825921
3542069319146471425
3547646133675786241
3550359065313148929
3552413271118610433
3572778314227220481
3573824882596970497
3585703591876198401
3590172505610649601
3611609916982591489
3615120990046027777
3632602315513266177
3647365770837622785
3657040080455925761
3668528825976324097
3668546974720884737
3675963849946955777
3680548217500991489
3688093640709701633
3691750326323150849
3696282727623753729
3722122822141280257
3722997490499387393
3728136459176476673
3733397853424648193
3735619565448462337
3737105157232984065
3739918737166893057
3781885967775170561
3784608388488724481
3787066936877318145
3792776800738246657
3795654841160433665
3795965505045954561
3798577649895079937
3806546334858412033
3814463228586000385
3825613617318232065
3829090753247641601
3829316033125646337
3842946407111819265
3844880584488321025
3848056209735811073
3850530026142334977
3854432476617932801
3880879176614805505
3901280124331851777
3904919704630001665
3913400415801016321
3914189741844889601
3919811391925780481
3921579081101279233
3925731057832820737
3926905798307184641
3935107468158238721
3961370949251825665
3966768766928519169
3970678315636686849
3990763236553818113
3998858881596030977
4018100420749099009
4022585543802519553
4029665432527732737
4040599348140933121
4070241423052242945
4073136025312722945
4079901244180922369
4083590642922094593
4085749194750689281
4086400334079754241
4102220145420959745
4124697789460873217
4134597921779056641
4142173001866412033
4144887149857439745
4156848380163719169
4157483603933429761
4173013820634660865
4194618616509825025
4215319302951534593
4217206336715882497
4231762759882637313
4245772781259456513
4246551108042653697
4259265439393284097
4265959073889943553
4272470396391456769
4296353633710309377
4297512312175788033
4302957117165961217
4314715008442531841
4316954640921853953
4338492045450412033
4343881182083776513
4366648147164397569
4369401087439470593
4399582809452904449
4416501646496792577
4420604704095600641
4421028983859970049
4435122261038530561
4439996366934966273
4441762249370271745
4447959518105993217
4452914647348215809
4461420798050041857
4462127994981941249
4462475330281865217
4469016354387656705
4475191259114373121
4478280788325203969
4542378775678222337
4550277113377226753
4557465613599277057
4560689813331116033
4570373929370615809
4590477494548987905
4595432814535507969
4606689583676948481
4621264598780772353
4623820506642382849
4638521723909472257
4645368855863590913
4648417730446032897
4652366396249931777
4679123098475692033
4704017433261473793
4707503232200376321
4711421518537719809
4740140888322146305
4747027061534654465
4798656531822444545
4800155874668183553
4800566723691315201
4818615840264650753
4826644442076512257
4837042816967933953
4842296414457462785
4851758049669513217
4866146828523798529
4880782365071212545
4885129363227770881
4890080856792989697
4890259331034284033
4900144704356122625
4903149199510536193
4910220990023434241
4916417676861833217
4924154554789199873
4928540231868874753
4929031271101857793
4936661952338132993
4954347739132297217
4956772568400330753
4959618034677743617
4986694699594383361
4994121265390190593
4997773933322829825
5025600028407005185
5030122776193794049
5033132182832807937
5033742377521283073
5054353829389664257
5060247307468242945
5068926081717501953
5074086531974955009
5088133349062213633
5090069966298939393
5098061829235212289
5108855095888379905
5122472895346016257
5126941830079545345
5133136662098477057
5158498549085175809
5173221422443855873
5173855416688803841
5200311469434929153
5246607880113750017
5264905716197097473
5278011225226215425
5279570068673462273
5284067224718671873
5289538433718517761
5291806767222980609
5294766327684759553
5314350253984055297
5321018587068071937
5329036325381439489
5337555940419338241
5342810164182974465
5347734711540088833
5356023050222272513
5356280188046082049
5361116784457809921
5361321800539275265
5362250600230879233
5373986323956400129
5382178178544828417
5393760761357238273
5394343904753123329
5408779788763856897
5411830910142119937
5426558961140891649
5430611148090933249
5438367470126891009
5453210565807374337
5453779143243923457
5464443121973592065
5472747298336047105
5493252217635962881
5494728174138818561
5497546133807366145
5507642181507678209
5512145715151175681
5529216726876127233
5530311151990243329
5531572744450441217
5542014848875888641
5544175684737269761
5545478432603996161
5556620229407408129
5557516128909688833
5559556740372430849
5563017770647453697
5577483361438990337
5579460501586935809
5593301191399505921
5600061169841405953
5606185537707802625
5606428656437002241
5610035757278003201
5614957748827914241
5625712012838436865
5633460623877013505
5639969497437208577
5648422925587382273
5657708134417498113
5663304589900349441
5676385374082170881
5697337781254651905
5699013541815386113
5704347254771154945
5719471320419467265
5721582441507028993
5738064132655153153
5762300122627637249
5762911065933217793
5763446317929496577
5763515582186160129
5777782750958125057
5785810699692900353
5789195816189558785
5796654882902278145
5796740042695802881
5799798239166529537
5800113167150514177
5812138359153754113
5816064561690935297
5829333728252100609
5843997299662651393
5845133439083773953
5849351124191576065
5850469733963956225
5863769945548062721
5867305826807709697
5874997680673652737
5885175969918517249
5888449030619529217
5888653652247019521
5897769539974594561
5898401674285547521
5935128822765191169
5939350910182391809
5956419442496765953
5967205082949844993
5976923153293901825
5995772020111081473
5997001001933570049
6013508866983755777
6027177280498565121
6035440963657039873
6039173892211408897
6048657976261050369
6051740046374010881
6069175757182173185
6085868870053920769
6125683512796217345
6133199283355189249
6137113051104444417
6213004618747248641
6213641035491147777
6220360405496594433
6225688884473954305
6237438524835266561
6260525064008892417
6269825511150256129
6275608404537737217
6279286667270356993
6280563284791820289
6291614450532384769
6303994123921129473
6319455825830117377
6319672904278704129
6322510530847080449
6330644046900101121
6334915913844948993
6342016240148086785
6360221009251401729
6362842715783987201
6367481187698966529
6368432093372252161
6369907075581935617
6380249973025177601
6387393017202081793
6391249427413041153
6391439021046333441
6397019845788205057
6425190423314595841
6426127412414349313
6435340933254643713
6442469532538273793
6455098627785785345
6467051838297833473
6470272509071425537
6476177605719785473
6484802644868792321
6486845972691746817
6491376082314199041
6513744015232892929
6514537341014736897
6516311673125601281
6535583533566918657
6570830264476729345
6581477295594209281
6591587637932359681
6594799559063207937
6607972461870383105
6610291595461853185
6615506493996367873
6630815427494248449
6640302645902737409
6641126023843151873
6664707738464026625
6671026383397912577
6702415474523078657
6716923835948990465
6719053373352902657
6722201161960849409
6726581241306677249
6728241925771067393
6741608786208849921
6754378389565603841
6758219122560368641
6758326602747772929
6761682775764828161
6782150453223096321
6784683736009375745
6786958545746165761
6792994470989463553
6795964118510469121
6799682016110346241
6805507354587529217
6826136147873464321
6843933645661274113
6845432340199735297
6856720556705087489
6857733741003440129
6872712240921608193
6875198357826174977
6877300557066371073
6896194850364620801
6899163454957879297
6908554738484969473
6919068007195049985
6966975243097309185
6974629796317822977
6979698003317096449
6987969384011628545
6994231127952031745
6995346800705044481
6998217763298607105
7002132964677648385
7007920394289217537
7009782815996870657
7015274955093671937
7021559036006891521
7040162353075716097
7051534306899263489
7056854492534276097
7059693988634722305
7070948578307244033
7102964492654477313
7115641136850305025
7115919683749281793
7121978288153427969
7143692130168078337
7150692152404967425
7158616201072672769
7166916017495572481
7180404501816180737
7187841421598130177
7194511571446792193
7195098310448644097
7197914244614160385
7230371744780484609
7231194660671848449
7290059410227265537
7293644171245879297
7294680885150842881
7315280687273246721
7316072569279873025
7319394692854644737
7320672092517072897
7321683369301082113
7321984093594517505
7322014065036787713
7322118756447649793
7334410589819404289
7349261155866476545
7350640813462224897
7355263275084152833
7361868166324551681
7366400774773899265
7367755363769745409
7372183985978834945
7376550456115068929
7401021134258536449
7401404254991155201
7405323419853979649
7418032865981595649
7429111740541992961
7445149251880124417
7449519301581111297
7459994414149304321
7467769853713743873
7507960002179923969
7511738284572934145
7519311370545201153
7520192494020231169
7520431308348293121
7524671775404130305
7534132579425714177
7562681415550763009
7563300941937311745
7564217149284319233
7565860151952965633
7578911591601700865
7585928234194108417
7593672558135476225
7600339063301406721
7621131340077596673
7624025437559488513
7624612805777326081
7632021466797408257
7646049256948301825
7647688560080551937
7664653951848677377
7677046753562918913
7679897870097416193
7703212239869804545
7726752222534631425
7727436064184795137
7743111021642022913
7744752089991512065
7758710407835942913
7762627296517521409
7766744103680344065
7771292205773914113
7787075798455484417
7792642164187004929
7793360132862410753
7799929172402044929
7802036358166609921
7810290149324750849
7816609036475236353
7825121736588722177
7835672105142648833
7841957644028772353
7859718505728147457
7862643349476376577
7902178855639056385
7902264026225049601
7902464734856282113
7908315223897374721
7908474961069047809
7910471715202564097
7915041537549762561
7916893250225799169
7918986198612049921
7934854142776868865
7944548320452018177
7947364648243986433
7950300118847946753
7950875514287980545
7955420134942408705
7957340042249535489
7977341573605720065
7999167626851811329
8002964021138751489
8041982969672466433
8051918196363493377
8054231809798537217
8054736391172390913
8060571909282398209
8063548016740335617
8069913314517942273
8073666959719694337
8094887166248321025
8110785926520012801
8144771062222979073
8158755252762378241
8161607074605760513
8176047372858392577
8198991852288475137
8201101026546876417
8207795065759203329
8213742727672430593
8218906801128144897
8233607123585302529
8238060796057812993
8240920932722966529
8247763516499623937
8248269880501501953
8257249000628125697
8270039723242455041
8270869868391596033
8275816893313941505
8284290290463997953
8288595688917434369
8288663187200311297
8308882219907940353
8309243867221688321
8323845471516884993
8334433791190466561
8337094237675880449
8350598122377904129
8350833736166703105
8358754125112803329
8375462328457723905
8388187353381568513
8419281997601734657
8426298469965594625
8427384621684293633
8430909667908452353
8435212698850754561
8450148284240265217
8477079757507821569
8483307839120146433
8483934161008885761
8489180950667427841
8504586754953707521
8511742420880490497
8528088160092160001
8542296198452445185
8563247015126990849
8586520459748507649
8601725738285400065
8614107376238264321
8636355514341130241
8651720045154140161
8658053522446942209
8658247531565776897
8661482199502225409
8698883733704441857
8704786801749491713
8706978663084621825
8722630870440017921
8724986571544657921
8730361915936571393
8740093847310073857
8747965900082348033
8762643087634759681
8793170117204115457
8823624889373458433
8838826218666557441
8859852583008501761
8875577721639174145
8876206550646226945
8881688053017116673
8885690281030844417
8891295961842352129
8918247068598403073
8927956467966476289
8934083015299104769
8938786920992440321
8945986484553318401
8948720146250203137
8960750877977477121
8967163799042260993
8974485997035945985
8998758144135102465
9000123377704927233
9014305137518542849
9017534212504911873
9034176731888582657
9036471760958455809
9060775220678033409
9066623918935080961
9095060722590613505
9097882361657327617
9107040764045557761
9120773571172990977
9140531673887703041
9185637028851056641
9188523572748320769
9197259682891857921
9199357577801564161
9206548159767969793
9206915596334792705
9208657277258006529
9209350573630554113
9218441071479848961
9222611455136104449
